bordersgermany <- list(


land_00 =matrix(c(
     5.89 , 5.69 , 
     5.86 , 5.75 , 
     5.84 , 5.76 , 
     5.84 , 5.80 , 
     5.83 , 5.84 , 
     5.83 , 5.87 , 
     5.84 , 5.93 , 
     5.79 , 6.00 , 
     5.81 , 6.03 , 
     5.84 , 6.08 , 
     5.83 , 6.15 , 
     5.80 , 6.22 , 
     5.84 , 6.28 , 
     5.83 , 6.35 , 
     5.92 , 6.39 , 
     5.97 , 6.42 , 
     6.04 , 6.42 , 
     6.06 , 6.47 , 
     6.10 , 6.46 , 
     6.19 , 6.47 , 
     6.23 , 6.48 , 
     6.25 , 6.52 , 
     6.28 , 6.56 , 
     6.35 , 6.52 , 
     6.41 , 6.58 , 
     6.46 , 6.55 , 
     6.51 , 6.52 , 
     6.56 , 6.55 , 
     6.62 , 6.52 , 
     6.65 , 6.49 , 
     6.71 , 6.46 , 
     6.72 , 6.41 , 
     6.75 , 6.33 , 
     6.73 , 6.24 , 
     6.75 , 6.20 , 
     6.81 , 6.15 , 
     6.84 , 6.19 , 
     6.92 , 6.22 , 
     7.03 , 6.18 , 
     7.12 , 6.14 , 
     7.21 , 6.14 , 
     7.34 , 6.16 , 
     7.42 , 6.17 , 
     7.48 , 6.15 , 
     7.52 , 6.22 , 
     7.52 , 6.30 , 
     7.61 , 6.40 , 
     7.71 , 6.39 , 
     7.78 , 6.37 , 
     7.92 , 6.45 , 
     7.97 , 6.43 , 
     8.01 , 6.46 , 
     8.06 , 6.44 , 
     8.17 , 6.40 , 
     8.28 , 6.35 , 
     8.32 , 6.34 , 
     8.37 , 6.31 , 
     8.37 , 6.23 , 
     8.38 , 6.16 , 
     8.43 , 6.10 , 
     8.46 , 6.00 , 
     8.42 , 5.89 , 
     8.40 , 5.75 , 
     8.35 , 5.63 , 
     8.35 , 5.53 , 
     8.30 , 5.50 , 
     8.27 , 5.41 , 
     8.26 , 5.35 , 
     8.20 , 5.35 , 
     8.13 , 5.38 , 
     8.09 , 5.42 , 
     8.11 , 5.47 , 
     8.10 , 5.52 , 
     8.05 , 5.48 , 
     8.03 , 5.52 , 
     8.06 , 5.58 , 
     7.99 , 5.66 , 
     7.94 , 5.66 , 
     7.88 , 5.62 , 
     7.84 , 5.67 , 
     7.78 , 5.68 , 
     7.75 , 5.60 , 
     7.81 , 5.53 , 
     7.87 , 5.52 , 
     7.86 , 5.47 , 
     7.83 , 5.43 , 
     7.76 , 5.45 , 
     7.70 , 5.38 , 
     7.59 , 5.31 , 
     7.53 , 5.31 , 
     7.49 , 5.32 , 
     7.44 , 5.28 , 
     7.45 , 5.24 , 
     7.39 , 5.19 , 
     7.26 , 5.18 , 
     7.19 , 5.16 , 
     7.12 , 5.15 , 
     7.09 , 5.14 , 
     7.09 , 5.06 , 
     7.05 , 4.99 , 
     7.00 , 5.03 , 
     6.96 , 5.04 , 
     6.93 , 5.02 , 
     6.91 , 4.93 , 
     6.88 , 4.93 , 
     6.84 , 4.95 , 
     6.82 , 4.88 , 
     6.81 , 4.82 , 
     6.77 , 4.80 , 
     6.73 , 4.81 , 
     6.71 , 4.82 , 
     6.66 , 4.81 , 
     6.65 , 4.75 , 
     6.60 , 4.70 , 
     6.57 , 4.64 , 
     6.52 , 4.68 , 
     6.48 , 4.71 , 
     6.44 , 4.71 , 
     6.39 , 4.71 , 
     6.34 , 4.65 , 
     6.25 , 4.67 , 
     6.17 , 4.64 , 
     6.09 , 4.57 , 
     6.01 , 4.43 , 
     6.01 , 4.31 , 
     5.98 , 4.29 , 
     5.96 , 4.30 , 
     5.94 , 4.30 , 
     5.93 , 4.37 , 
     5.92 , 4.45 , 
     5.87 , 4.49 , 
     5.85 , 4.53 , 
     5.79 , 4.55 , 
     5.72 , 4.55 , 
     5.66 , 4.59 , 
     5.66 , 4.63 , 
     5.61 , 4.69 , 
     5.59 , 4.73 , 
     5.64 , 4.78 , 
     5.59 , 4.83 , 
     5.53 , 4.84 , 
     5.56 , 4.89 , 
     5.60 , 4.94 , 
     5.66 , 4.99 , 
     5.69 , 4.95 , 
     5.68 , 4.89 , 
     5.72 , 4.88 , 
     5.76 , 4.91 , 
     5.81 , 4.93 , 
     5.84 , 4.97 , 
     5.92 , 5.02 , 
     5.96 , 5.04 , 
     5.99 , 5.07 , 
     5.95 , 5.12 , 
     5.91 , 5.16 , 
     5.92 , 5.26 , 
     6.00 , 5.31 , 
     6.10 , 5.38 , 
     6.26 , 5.43 , 
     6.25 , 5.49 , 
     6.23 , 5.54 , 
     6.17 , 5.55 , 
     6.14 , 5.57 , 
     6.14 , 5.62 , 
     6.07 , 5.69 , 
     6.04 , 5.66 , 
     5.98 , 5.71 , 
     5.91 , 5.69), ncol=2, byrow=TRUE),
land_2 =matrix(c(

     4.98 , 8.70 , 
     5.06 , 8.68 , 
     5.11 , 8.71 , 
     5.22 , 8.70 , 
     5.25 , 8.75 , 
     5.24 , 8.82 , 
     5.29 , 8.85 , 
     5.36 , 8.87 , 
     5.39 , 8.82 , 
     5.48 , 8.85 , 
     5.56 , 8.92 , 
     5.61 , 8.94 , 
     5.65 , 8.96 , 
     5.65 , 9.03 , 
     5.70 , 9.05 , 
     5.77 , 9.03 , 
     5.82 , 9.03 , 
     5.86 , 9.00 , 
     5.90 , 9.00 , 
     5.98 , 8.98 , 
     6.02 , 8.90 , 
     6.10 , 8.92 , 
     6.15 , 8.88 , 
     6.21 , 8.89 , 
     6.24 , 8.87 , 
     6.30 , 8.88 , 
     6.30 , 8.80 , 
     6.36 , 8.83 , 
     6.42 , 8.80 , 
     6.47 , 8.83 , 
     6.50 , 8.79 , 
     6.56 , 8.83 , 
     6.62 , 8.87 , 
     6.65 , 8.90 , 
     6.72 , 8.87 , 
     6.74 , 8.92 , 
     6.76 , 8.95 , 
     6.81 , 8.96 , 
     6.85 , 8.91 , 
     6.91 , 8.98 , 
     6.94 , 9.02 , 
     6.94 , 9.09 , 
     6.99 , 9.09 , 
     6.98 , 9.13 , 
     7.00 , 9.15 , 
     7.06 , 9.20 , 
     7.12 , 9.27 , 
     7.19 , 9.25 , 
     7.19 , 9.30 , 
     7.16 , 9.34 , 
     7.18 , 9.39 , 
     7.21 , 9.36 , 
     7.23 , 9.33 , 
     7.26 , 9.32 , 
     7.28 , 9.27 , 
     7.31 , 9.24 , 
     7.31 , 9.18 , 
     7.36 , 9.20 , 
     7.41 , 9.19 , 
     7.46 , 9.19 , 
     7.49 , 9.22 , 
     7.53 , 9.19 , 
     7.57 , 9.21 , 
     7.59 , 9.18 , 
     7.60 , 9.13 , 
     7.57 , 9.08 , 
     7.49 , 9.01 , 
     7.48 , 8.97 , 
     7.54 , 8.94 , 
     7.59 , 8.95 , 
     7.64 , 8.98 , 
     7.68 , 9.02 , 
     7.74 , 9.04 , 
     7.78 , 8.93 , 
     7.71 , 8.83 , 
     7.74 , 8.75 , 
     7.70 , 8.63 , 
     7.63 , 8.58 , 
     7.53 , 8.52 , 
     7.53 , 8.41 , 
     7.53 , 8.31 , 
     7.60 , 8.30 , 
     7.67 , 8.23 , 
     7.75 , 8.18 , 
     7.85 , 8.05 , 
     7.95 , 8.01 , 
     7.98 , 7.95 , 
     7.98 , 7.82 , 
     7.90 , 7.69 , 
     7.93 , 7.62 , 
     7.96 , 7.53 , 
     8.01 , 7.50 , 
     8.09 , 7.45 , 
     8.05 , 7.40 , 
     8.08 , 7.35 , 
     8.06 , 7.27 , 
     8.14 , 7.23 , 
     8.14 , 7.17 , 
     8.12 , 7.08 , 
     8.10 , 7.00 , 
     8.04 , 6.90 , 
     8.01 , 6.83 , 
     8.06 , 6.77 , 
     8.09 , 6.69 , 
     8.16 , 6.60 , 
     8.19 , 6.52 , 
     8.16 , 6.48 , 
     8.17 , 6.44 , 
     8.12 , 6.42 , 
     8.07 , 6.43 , 
     8.02 , 6.46 , 
     7.98 , 6.44 , 
     7.91 , 6.44 , 
     7.78 , 6.37 , 
     7.71 , 6.39 , 
     7.61 , 6.40 , 
     7.52 , 6.30 , 
     7.52 , 6.23 , 
     7.49 , 6.15 , 
     7.43 , 6.17 , 
     7.35 , 6.16 , 
     7.24 , 6.14 , 
     7.13 , 6.14 , 
     7.03 , 6.18 , 
     6.97 , 6.20 , 
     6.91 , 6.22 , 
     6.85 , 6.19 , 
     6.80 , 6.16 , 
     6.77 , 6.17 , 
     6.74 , 6.20 , 
     6.73 , 6.23 , 
     6.74 , 6.29 , 
     6.75 , 6.34 , 
     6.72 , 6.40 , 
     6.71 , 6.46 , 
     6.66 , 6.48 , 
     6.62 , 6.51 , 
     6.67 , 6.55 , 
     6.71 , 6.60 , 
     6.72 , 6.66 , 
     6.71 , 6.74 , 
     6.68 , 6.83 , 
     6.65 , 6.86 , 
     6.58 , 6.87 , 
     6.52 , 6.94 , 
     6.45 , 6.93 , 
     6.41 , 6.98 , 
     6.35 , 6.98 , 
     6.24 , 7.05 , 
     6.23 , 7.01 , 
     6.17 , 7.00 , 
     6.11 , 7.03 , 
     6.08 , 7.09 , 
     6.04 , 7.07 , 
     5.97 , 7.12 , 
     5.89 , 7.22 , 
     5.85 , 7.30 , 
     5.90 , 7.37 , 
     5.86 , 7.42 , 
     5.90 , 7.55 , 
     5.91 , 7.65 , 
     5.92 , 7.73 , 
     5.88 , 7.78 , 
     5.80 , 7.78 , 
     5.80 , 7.84 , 
     5.79 , 7.93 , 
     5.83 , 7.98 , 
     5.84 , 8.03 , 
     5.82 , 8.09 , 
     5.82 , 8.17 , 
     5.87 , 8.22 , 
     5.82 , 8.32 , 
     5.75 , 8.32 , 
     5.67 , 8.35 , 
     5.60 , 8.33 , 
     5.50 , 8.37 , 
     5.49 , 8.43 , 
     5.42 , 8.48 , 
     5.35 , 8.49 , 
     5.32 , 8.55 , 
     5.20 , 8.60 , 
     5.13 , 8.63 , 
     5.05 , 8.60 , 
     4.98 , 8.65 , 
     4.98 , 8.70), ncol=2, byrow=TRUE),
land_3 =matrix(c(

     6.78 , 8.03 , 
     6.72 , 7.99 , 
     6.72 , 7.94 , 
     6.67 , 7.94 , 
     6.64 , 7.91 , 
     6.66 , 7.87 , 
     6.63 , 7.85 , 
     6.61 , 7.78 , 
     6.64 , 7.75 , 
     6.62 , 7.67 , 
     6.65 , 7.64 , 
     6.72 , 7.66 , 
     6.76 , 7.67 , 
     6.83 , 7.65 , 
     6.88 , 7.59 , 
     6.92 , 7.63 , 
     6.91 , 7.67 , 
     6.94 , 7.69 , 
     6.98 , 7.65 , 
     7.06 , 7.64 , 
     7.10 , 7.60 , 
     7.13 , 7.58 , 
     7.16 , 7.60 , 
     7.17 , 7.66 , 
     7.21 , 7.67 , 
     7.22 , 7.71 , 
     7.17 , 7.75 , 
     7.10 , 7.84 , 
     7.05 , 7.89 , 
     6.99 , 7.94 , 
     6.99 , 8.00 , 
     6.95 , 8.06 , 
     6.92 , 8.02 , 
     6.87 , 8.00 , 
     6.83 , 8.00 , 
     6.81 , 8.01 , 
     6.78 , 8.03), ncol=2, byrow=TRUE),